{
 "cells": [
  {
   "cell_type": "code",
   "execution_count": 1,
   "metadata": {
    "collapsed": false
   },
   "outputs": [
    {
     "name": "stderr",
     "output_type": "stream",
     "text": [
      "Loading required package: MASS\n",
      "Loading required package: msm\n",
      "Loading required package: polycor\n",
      "Loading required package: mvtnorm\n",
      "Loading required package: sfsmisc\n"
     ]
    }
   ],
   "source": [
    "library(ltm)"
   ]
  },
  {
   "cell_type": "code",
   "execution_count": 2,
   "metadata": {
    "collapsed": true
   },
   "outputs": [],
   "source": [
    "data <- read.csv(\"~/irt_sample.csv\", header=TRUE)"
   ]
  },
  {
   "cell_type": "code",
   "execution_count": 3,
   "metadata": {
    "collapsed": false
   },
   "outputs": [
    {
     "data": {
      "text/html": [
       "<table>\n",
       "<thead><tr><th></th><th scope=col>安倍</th><th scope=col>石破</th><th scope=col>岡田</th><th scope=col>麻生</th><th scope=col>松野</th></tr></thead>\n",
       "<tbody>\n",
       "\t<tr><th scope=row>1</th><td>0</td><td>0</td><td>0</td><td>0</td><td>0</td></tr>\n",
       "\t<tr><th scope=row>2</th><td>0</td><td>0</td><td>0</td><td>0</td><td>0</td></tr>\n",
       "\t<tr><th scope=row>3</th><td>0</td><td>0</td><td>0</td><td>1</td><td>0</td></tr>\n",
       "\t<tr><th scope=row>4</th><td>1</td><td>0</td><td>0</td><td>0</td><td>0</td></tr>\n",
       "\t<tr><th scope=row>5</th><td>1</td><td>0</td><td>1</td><td>1</td><td>0</td></tr>\n",
       "\t<tr><th scope=row>6</th><td>1</td><td>0</td><td>0</td><td>0</td><td>0</td></tr>\n",
       "</tbody>\n",
       "</table>\n"
      ],
      "text/latex": [
       "\\begin{tabular}{r|lllll}\n",
       "  & 安倍 & 石破 & 岡田 & 麻生 & 松野\\\\\n",
       "\\hline\n",
       "\t1 & 0 & 0 & 0 & 0 & 0\\\\\n",
       "\t2 & 0 & 0 & 0 & 0 & 0\\\\\n",
       "\t3 & 0 & 0 & 0 & 1 & 0\\\\\n",
       "\t4 & 1 & 0 & 0 & 0 & 0\\\\\n",
       "\t5 & 1 & 0 & 1 & 1 & 0\\\\\n",
       "\t6 & 1 & 0 & 0 & 0 & 0\\\\\n",
       "\\end{tabular}\n"
      ],
      "text/plain": [
       "  安倍 石破 岡田 麻生 松野\n",
       "1    0    0    0    0    0\n",
       "2    0    0    0    0    0\n",
       "3    0    0    0    1    0\n",
       "4    1    0    0    0    0\n",
       "5    1    0    1    1    0\n",
       "6    1    0    0    0    0"
      ]
     },
     "execution_count": 3,
     "metadata": {},
     "output_type": "execute_result"
    }
   ],
   "source": [
    "head(data)"
   ]
  },
  {
   "cell_type": "code",
   "execution_count": 4,
   "metadata": {
    "collapsed": false
   },
   "outputs": [],
   "source": [
    "result <- ltm(data~z1)"
   ]
  },
  {
   "cell_type": "code",
   "execution_count": 5,
   "metadata": {
    "collapsed": false
   },
   "outputs": [
    {
     "data": {
      "text/html": [
       "<dl>\n",
       "\t<dt>$coefficients</dt>\n",
       "\t\t<dd><table>\n",
       "<thead><tr><th></th><th scope=col>(Intercept)</th><th scope=col>z1</th></tr></thead>\n",
       "<tbody>\n",
       "\t<tr><th scope=row>安倍</th><td>1.430019</td><td>1.215814</td></tr>\n",
       "\t<tr><th scope=row>石破</th><td>0.6164858</td><td>1.5742688</td></tr>\n",
       "\t<tr><th scope=row>岡田</th><td> 0.8940602</td><td>16.8993942</td></tr>\n",
       "\t<tr><th scope=row>麻生</th><td>-0.2354762</td><td> 1.1696718</td></tr>\n",
       "\t<tr><th scope=row>松野</th><td>-1.368762</td><td> 1.181162</td></tr>\n",
       "</tbody>\n",
       "</table>\n",
       "</dd>\n",
       "\t<dt>$log.Lik</dt>\n",
       "\t\t<dd>-56.7325633282038</dd>\n",
       "\t<dt>$convergence</dt>\n",
       "\t\t<dd>0</dd>\n",
       "\t<dt>$hessian</dt>\n",
       "\t\t<dd><table>\n",
       "<tbody>\n",
       "\t<tr><td> 2.786380e+00</td><td>-2.474310e-01</td><td>-2.321706e-01</td><td>-1.934193e-01</td><td>-1.336129e-01</td><td>-1.178744e+00</td><td> 8.236019e-02</td><td> 1.347027e-05</td><td> 4.534899e-02</td><td>-3.305184e-02</td></tr>\n",
       "\t<tr><td>-2.474310e-01</td><td> 2.985897e+00</td><td>-3.707387e-01</td><td>-2.786896e-01</td><td>-2.147426e-01</td><td> 1.641493e-01</td><td>-6.038018e-01</td><td> 1.852738e-05</td><td> 5.053340e-03</td><td>-8.042115e-02</td></tr>\n",
       "\t<tr><td>-2.321706e-01</td><td>-3.707387e-01</td><td> 3.711561e-01</td><td>-3.057732e-01</td><td>-2.217269e-01</td><td> 6.126248e-02</td><td> 1.236313e-01</td><td>-3.224482e-05</td><td>-1.065938e-02</td><td>-1.832143e-02</td></tr>\n",
       "\t<tr><td>-1.934193e-01</td><td>-2.786896e-01</td><td>-3.057732e-01</td><td> 3.606880e+00</td><td>-2.414836e-01</td><td> 9.781581e-02</td><td>-1.376599e-03</td><td> 1.352147e-05</td><td> 2.032482e-01</td><td>-1.393784e-01</td></tr>\n",
       "\t<tr><td>-1.336129e-01</td><td>-2.147426e-01</td><td>-2.217269e-01</td><td>-2.414836e-01</td><td> 2.796092e+00</td><td> 3.762791e-02</td><td>-5.515794e-02</td><td> 8.258493e-06</td><td>-9.704358e-02</td><td> 1.067155e+00</td></tr>\n",
       "\t<tr><td>-1.178744e+00</td><td> 1.641493e-01</td><td> 6.126248e-02</td><td> 9.781581e-02</td><td> 3.762791e-02</td><td> 1.715941e+00</td><td>-1.177508e-01</td><td>-6.455936e-06</td><td> 7.696539e-02</td><td> 4.365091e-02</td></tr>\n",
       "\t<tr><td> 8.236019e-02</td><td>-6.038018e-01</td><td> 1.236313e-01</td><td>-1.376599e-03</td><td>-5.515794e-02</td><td>-1.177508e-01</td><td> 1.054518e+00</td><td>-8.273666e-06</td><td> 5.344072e-02</td><td>-5.907921e-02</td></tr>\n",
       "\t<tr><td> 1.347027e-05</td><td> 1.852738e-05</td><td>-3.224482e-05</td><td> 1.352147e-05</td><td> 8.258493e-06</td><td>-6.455936e-06</td><td>-8.273666e-06</td><td> 1.472996e-05</td><td> 1.862227e-06</td><td> 1.165813e-05</td></tr>\n",
       "\t<tr><td> 4.534899e-02</td><td> 5.053340e-03</td><td>-1.065938e-02</td><td> 2.032482e-01</td><td>-9.704358e-02</td><td> 7.696539e-02</td><td> 5.344072e-02</td><td> 1.862227e-06</td><td> 1.461313e+00</td><td>-2.252625e-01</td></tr>\n",
       "\t<tr><td>-3.305184e-02</td><td>-8.042115e-02</td><td>-1.832143e-02</td><td>-1.393784e-01</td><td> 1.067155e+00</td><td> 4.365091e-02</td><td>-5.907921e-02</td><td> 1.165813e-05</td><td>-2.252625e-01</td><td> 1.505330e+00</td></tr>\n",
       "</tbody>\n",
       "</table>\n",
       "</dd>\n",
       "\t<dt>$counts</dt>\n",
       "\t\t<dd><dl class=dl-horizontal>\n",
       "\t<dt>function</dt>\n",
       "\t\t<dd>2</dd>\n",
       "\t<dt>gradient</dt>\n",
       "\t\t<dd>1</dd>\n",
       "</dl>\n",
       "</dd>\n",
       "\t<dt>$patterns</dt>\n",
       "\t\t<dd><dl>\n",
       "\t<dt>$X</dt>\n",
       "\t\t<dd><table>\n",
       "<tbody>\n",
       "\t<tr><td>0</td><td>0</td><td>0</td><td>0</td><td>0</td></tr>\n",
       "\t<tr><td>0</td><td>0</td><td>0</td><td>1</td><td>0</td></tr>\n",
       "\t<tr><td>0</td><td>1</td><td>0</td><td>1</td><td>1</td></tr>\n",
       "\t<tr><td>0</td><td>1</td><td>1</td><td>0</td><td>0</td></tr>\n",
       "\t<tr><td>1</td><td>0</td><td>0</td><td>0</td><td>0</td></tr>\n",
       "\t<tr><td>1</td><td>0</td><td>1</td><td>1</td><td>0</td></tr>\n",
       "\t<tr><td>1</td><td>0</td><td>1</td><td>1</td><td>1</td></tr>\n",
       "\t<tr><td>1</td><td>1</td><td>0</td><td>0</td><td>0</td></tr>\n",
       "\t<tr><td>1</td><td>1</td><td>1</td><td>0</td><td>0</td></tr>\n",
       "\t<tr><td>1</td><td>1</td><td>1</td><td>0</td><td>1</td></tr>\n",
       "\t<tr><td>1</td><td>1</td><td>1</td><td>1</td><td>0</td></tr>\n",
       "\t<tr><td>1</td><td>1</td><td>1</td><td>1</td><td>1</td></tr>\n",
       "</tbody>\n",
       "</table>\n",
       "</dd>\n",
       "\t<dt>$obs</dt>\n",
       "\t\t<dd><ol class=list-inline>\n",
       "\t<li>2</li>\n",
       "\t<li>1</li>\n",
       "\t<li>1</li>\n",
       "\t<li>1</li>\n",
       "\t<li>3</li>\n",
       "\t<li>1</li>\n",
       "\t<li>1</li>\n",
       "\t<li>2</li>\n",
       "\t<li>2</li>\n",
       "\t<li>1</li>\n",
       "\t<li>3</li>\n",
       "\t<li>2</li>\n",
       "</ol>\n",
       "</dd>\n",
       "</dl>\n",
       "</dd>\n",
       "</dl>\n"
      ],
      "text/latex": [
       "\\begin{description}\n",
       "\\item[\\$coefficients] \\begin{tabular}{r|ll}\n",
       "  & (Intercept) & z1\\\\\n",
       "\\hline\n",
       "\t安倍 & 1.430019 & 1.215814\\\\\n",
       "\t石破 & 0.6164858 & 1.5742688\\\\\n",
       "\t岡田 &  0.8940602 & 16.8993942\\\\\n",
       "\t麻生 & -0.2354762 &  1.1696718\\\\\n",
       "\t松野 & -1.368762 &  1.181162\\\\\n",
       "\\end{tabular}\n",
       "\n",
       "\\item[\\$log.Lik] -56.7325633282038\n",
       "\\item[\\$convergence] 0\n",
       "\\item[\\$hessian] \\begin{tabular}{llllllllll}\n",
       "\t  2.786380e+00 & -2.474310e-01 & -2.321706e-01 & -1.934193e-01 & -1.336129e-01 & -1.178744e+00 &  8.236019e-02 &  1.347027e-05 &  4.534899e-02 & -3.305184e-02\\\\\n",
       "\t -2.474310e-01 &  2.985897e+00 & -3.707387e-01 & -2.786896e-01 & -2.147426e-01 &  1.641493e-01 & -6.038018e-01 &  1.852738e-05 &  5.053340e-03 & -8.042115e-02\\\\\n",
       "\t -2.321706e-01 & -3.707387e-01 &  3.711561e-01 & -3.057732e-01 & -2.217269e-01 &  6.126248e-02 &  1.236313e-01 & -3.224482e-05 & -1.065938e-02 & -1.832143e-02\\\\\n",
       "\t -1.934193e-01 & -2.786896e-01 & -3.057732e-01 &  3.606880e+00 & -2.414836e-01 &  9.781581e-02 & -1.376599e-03 &  1.352147e-05 &  2.032482e-01 & -1.393784e-01\\\\\n",
       "\t -1.336129e-01 & -2.147426e-01 & -2.217269e-01 & -2.414836e-01 &  2.796092e+00 &  3.762791e-02 & -5.515794e-02 &  8.258493e-06 & -9.704358e-02 &  1.067155e+00\\\\\n",
       "\t -1.178744e+00 &  1.641493e-01 &  6.126248e-02 &  9.781581e-02 &  3.762791e-02 &  1.715941e+00 & -1.177508e-01 & -6.455936e-06 &  7.696539e-02 &  4.365091e-02\\\\\n",
       "\t  8.236019e-02 & -6.038018e-01 &  1.236313e-01 & -1.376599e-03 & -5.515794e-02 & -1.177508e-01 &  1.054518e+00 & -8.273666e-06 &  5.344072e-02 & -5.907921e-02\\\\\n",
       "\t  1.347027e-05 &  1.852738e-05 & -3.224482e-05 &  1.352147e-05 &  8.258493e-06 & -6.455936e-06 & -8.273666e-06 &  1.472996e-05 &  1.862227e-06 &  1.165813e-05\\\\\n",
       "\t  4.534899e-02 &  5.053340e-03 & -1.065938e-02 &  2.032482e-01 & -9.704358e-02 &  7.696539e-02 &  5.344072e-02 &  1.862227e-06 &  1.461313e+00 & -2.252625e-01\\\\\n",
       "\t -3.305184e-02 & -8.042115e-02 & -1.832143e-02 & -1.393784e-01 &  1.067155e+00 &  4.365091e-02 & -5.907921e-02 &  1.165813e-05 & -2.252625e-01 &  1.505330e+00\\\\\n",
       "\\end{tabular}\n",
       "\n",
       "\\item[\\$counts] \\begin{description*}\n",
       "\\item[function] 2\n",
       "\\item[gradient] 1\n",
       "\\end{description*}\n",
       "\n",
       "\\item[\\$patterns] \\begin{description}\n",
       "\\item[\\$X] \\begin{tabular}{lllll}\n",
       "\t 0 & 0 & 0 & 0 & 0\\\\\n",
       "\t 0 & 0 & 0 & 1 & 0\\\\\n",
       "\t 0 & 1 & 0 & 1 & 1\\\\\n",
       "\t 0 & 1 & 1 & 0 & 0\\\\\n",
       "\t 1 & 0 & 0 & 0 & 0\\\\\n",
       "\t 1 & 0 & 1 & 1 & 0\\\\\n",
       "\t 1 & 0 & 1 & 1 & 1\\\\\n",
       "\t 1 & 1 & 0 & 0 & 0\\\\\n",
       "\t 1 & 1 & 1 & 0 & 0\\\\\n",
       "\t 1 & 1 & 1 & 0 & 1\\\\\n",
       "\t 1 & 1 & 1 & 1 & 0\\\\\n",
       "\t 1 & 1 & 1 & 1 & 1\\\\\n",
       "\\end{tabular}\n",
       "\n",
       "\\item[\\$obs] \\begin{enumerate*}\n",
       "\\item 2\n",
       "\\item 1\n",
       "\\item 1\n",
       "\\item 1\n",
       "\\item 3\n",
       "\\item 1\n",
       "\\item 1\n",
       "\\item 2\n",
       "\\item 2\n",
       "\\item 1\n",
       "\\item 3\n",
       "\\item 2\n",
       "\\end{enumerate*}\n",
       "\n",
       "\\end{description}\n",
       "\n",
       "\\end{description}\n"
      ],
      "text/markdown": [
       "$coefficients\n",
       ":   1. 1.43001922682034\n",
       "2. 0.616485753467014\n",
       "3. 0.894060199414649\n",
       "4. -0.235476211241121\n",
       "5. -1.36876237236943\n",
       "6. 1.2158137738705\n",
       "7. 1.57426875036419\n",
       "8. 16.8993942244502\n",
       "9. 1.16967183728793\n",
       "10. 1.18116242017197\n",
       "\n",
       "\n",
       "\n",
       "$log.Lik\n",
       ":   -56.7325633282038\n",
       "$convergence\n",
       ":   0\n",
       "$hessian\n",
       ":   1. 2.78638009548323\n",
       "2. -0.247431020746904\n",
       "3. -0.232170643473381\n",
       "4. -0.193419291586817\n",
       "5. -0.133612860655993\n",
       "6. -1.1787436537001\n",
       "7. 0.0823601866423197\n",
       "8. 1.34702723388281e-05\n",
       "9. 0.0453489863230933\n",
       "10. -0.033051835285779\n",
       "11. -0.247431020746904\n",
       "12. 2.9858969457066\n",
       "13. -0.370738729139784\n",
       "14. -0.278689605688644\n",
       "15. -0.214742592722951\n",
       "16. 0.164149342023854\n",
       "17. -0.603801774079389\n",
       "18. 1.8527383306115e-05\n",
       "19. 0.00505334002472851\n",
       "20. -0.0804211467463258\n",
       "21. -0.232170643473381\n",
       "22. -0.370738729139784\n",
       "23. 0.37115605101248\n",
       "24. -0.305773194598924\n",
       "25. -0.221726857527483\n",
       "26. 0.0612624761412708\n",
       "27. 0.123631286782754\n",
       "28. -3.22448159740616e-05\n",
       "29. -0.0106593795726785\n",
       "30. -0.0183214276374202\n",
       "31. -0.193419291586817\n",
       "32. -0.278689605688644\n",
       "33. -0.305773194598924\n",
       "34. 3.6068798131787\n",
       "35. -0.241483560611381\n",
       "36. 0.0978158114164551\n",
       "37. -0.00137659926100365\n",
       "38. 1.35214742966637e-05\n",
       "39. 0.203248192905934\n",
       "40. -0.139378427004441\n",
       "41. -0.133612860655993\n",
       "42. -0.214742592722951\n",
       "43. -0.221726857527483\n",
       "44. -0.241483560611381\n",
       "45. 2.79609248838197\n",
       "46. 0.037627906429462\n",
       "47. -0.0551579448430772\n",
       "48. 8.25849259925313e-06\n",
       "49. -0.097043580175437\n",
       "50. 1.06715466118811\n",
       "51. -1.1787436537001\n",
       "52. 0.164149342023854\n",
       "53. 0.0612624761412708\n",
       "54. 0.0978158114164551\n",
       "55. 0.037627906429462\n",
       "56. 1.71594089423268\n",
       "57. -0.117750778118473\n",
       "58. -6.45593562429525e-06\n",
       "59. 0.0769653908994309\n",
       "60. 0.0436509149497636\n",
       "61. 0.0823601866423197\n",
       "62. -0.603801774079389\n",
       "63. 0.123631286782754\n",
       "64. -0.00137659926100365\n",
       "65. -0.0551579448430772\n",
       "66. -0.117750778118473\n",
       "67. 1.05451799622543\n",
       "68. -8.27366618887095e-06\n",
       "69. 0.0534407240511455\n",
       "70. -0.0590792058527499\n",
       "71. 1.34702723388281e-05\n",
       "72. 1.8527383306115e-05\n",
       "73. -3.22448159740616e-05\n",
       "74. 1.35214742966637e-05\n",
       "75. 8.25849259925313e-06\n",
       "76. -6.45593562429525e-06\n",
       "77. -8.27366618887095e-06\n",
       "78. 1.47299632816321e-05\n",
       "79. 1.86222699026274e-06\n",
       "80. 1.16581317400291e-05\n",
       "81. 0.0453489863230933\n",
       "82. 0.00505334002472851\n",
       "83. -0.0106593795726785\n",
       "84. 0.203248192905934\n",
       "85. -0.097043580175437\n",
       "86. 0.0769653908994309\n",
       "87. 0.0534407240511455\n",
       "88. 1.86222699026274e-06\n",
       "89. 1.461313101495\n",
       "90. -0.225262522083089\n",
       "91. -0.033051835285779\n",
       "92. -0.0804211467463258\n",
       "93. -0.0183214276374202\n",
       "94. -0.139378427004441\n",
       "95. 1.06715466118811\n",
       "96. 0.0436509149497636\n",
       "97. -0.0590792058527499\n",
       "98. 1.16581317400291e-05\n",
       "99. -0.225262522083089\n",
       "100. 1.50532999921398\n",
       "\n",
       "\n",
       "\n",
       "$counts\n",
       ":   function\n",
       ":   2gradient\n",
       ":   1\n",
       "\n",
       "\n",
       "$patterns\n",
       ":   $X\n",
       ":   1. 0\n",
       "2. 0\n",
       "3. 0\n",
       "4. 0\n",
       "5. 1\n",
       "6. 1\n",
       "7. 1\n",
       "8. 1\n",
       "9. 1\n",
       "10. 1\n",
       "11. 1\n",
       "12. 1\n",
       "13. 0\n",
       "14. 0\n",
       "15. 1\n",
       "16. 1\n",
       "17. 0\n",
       "18. 0\n",
       "19. 0\n",
       "20. 1\n",
       "21. 1\n",
       "22. 1\n",
       "23. 1\n",
       "24. 1\n",
       "25. 0\n",
       "26. 0\n",
       "27. 0\n",
       "28. 1\n",
       "29. 0\n",
       "30. 1\n",
       "31. 1\n",
       "32. 0\n",
       "33. 1\n",
       "34. 1\n",
       "35. 1\n",
       "36. 1\n",
       "37. 0\n",
       "38. 1\n",
       "39. 1\n",
       "40. 0\n",
       "41. 0\n",
       "42. 1\n",
       "43. 1\n",
       "44. 0\n",
       "45. 0\n",
       "46. 0\n",
       "47. 1\n",
       "48. 1\n",
       "49. 0\n",
       "50. 0\n",
       "51. 1\n",
       "52. 0\n",
       "53. 0\n",
       "54. 0\n",
       "55. 1\n",
       "56. 0\n",
       "57. 0\n",
       "58. 1\n",
       "59. 0\n",
       "60. 1\n",
       "\n",
       "\n",
       "\n",
       "$obs\n",
       ":   1. 2\n",
       "2. 1\n",
       "3. 1\n",
       "4. 1\n",
       "5. 3\n",
       "6. 1\n",
       "7. 1\n",
       "8. 2\n",
       "9. 2\n",
       "10. 1\n",
       "11. 3\n",
       "12. 2\n",
       "\n",
       "\n",
       "\n",
       "\n",
       "\n",
       "\n",
       "\n",
       "\n"
      ],
      "text/plain": [
       "$coefficients\n",
       "     (Intercept)        z1\n",
       "安倍   1.4300192  1.215814\n",
       "石破   0.6164858  1.574269\n",
       "岡田   0.8940602 16.899394\n",
       "麻生  -0.2354762  1.169672\n",
       "松野  -1.3687624  1.181162\n",
       "\n",
       "$log.Lik\n",
       "[1] -56.73256\n",
       "\n",
       "$convergence\n",
       "[1] 0\n",
       "\n",
       "$hessian\n",
       "               [,1]          [,2]          [,3]          [,4]          [,5]\n",
       " [1,]  2.786380e+00 -2.474310e-01 -2.321706e-01 -1.934193e-01 -1.336129e-01\n",
       " [2,] -2.474310e-01  2.985897e+00 -3.707387e-01 -2.786896e-01 -2.147426e-01\n",
       " [3,] -2.321706e-01 -3.707387e-01  3.711561e-01 -3.057732e-01 -2.217269e-01\n",
       " [4,] -1.934193e-01 -2.786896e-01 -3.057732e-01  3.606880e+00 -2.414836e-01\n",
       " [5,] -1.336129e-01 -2.147426e-01 -2.217269e-01 -2.414836e-01  2.796092e+00\n",
       " [6,] -1.178744e+00  1.641493e-01  6.126248e-02  9.781581e-02  3.762791e-02\n",
       " [7,]  8.236019e-02 -6.038018e-01  1.236313e-01 -1.376599e-03 -5.515794e-02\n",
       " [8,]  1.347027e-05  1.852738e-05 -3.224482e-05  1.352147e-05  8.258493e-06\n",
       " [9,]  4.534899e-02  5.053340e-03 -1.065938e-02  2.032482e-01 -9.704358e-02\n",
       "[10,] -3.305184e-02 -8.042115e-02 -1.832143e-02 -1.393784e-01  1.067155e+00\n",
       "               [,6]          [,7]          [,8]          [,9]         [,10]\n",
       " [1,] -1.178744e+00  8.236019e-02  1.347027e-05  4.534899e-02 -3.305184e-02\n",
       " [2,]  1.641493e-01 -6.038018e-01  1.852738e-05  5.053340e-03 -8.042115e-02\n",
       " [3,]  6.126248e-02  1.236313e-01 -3.224482e-05 -1.065938e-02 -1.832143e-02\n",
       " [4,]  9.781581e-02 -1.376599e-03  1.352147e-05  2.032482e-01 -1.393784e-01\n",
       " [5,]  3.762791e-02 -5.515794e-02  8.258493e-06 -9.704358e-02  1.067155e+00\n",
       " [6,]  1.715941e+00 -1.177508e-01 -6.455936e-06  7.696539e-02  4.365091e-02\n",
       " [7,] -1.177508e-01  1.054518e+00 -8.273666e-06  5.344072e-02 -5.907921e-02\n",
       " [8,] -6.455936e-06 -8.273666e-06  1.472996e-05  1.862227e-06  1.165813e-05\n",
       " [9,]  7.696539e-02  5.344072e-02  1.862227e-06  1.461313e+00 -2.252625e-01\n",
       "[10,]  4.365091e-02 -5.907921e-02  1.165813e-05 -2.252625e-01  1.505330e+00\n",
       "\n",
       "$counts\n",
       "function gradient \n",
       "       2        1 \n",
       "\n",
       "$patterns\n",
       "$patterns$X\n",
       "      [,1] [,2] [,3] [,4] [,5]\n",
       " [1,]    0    0    0    0    0\n",
       " [2,]    0    0    0    1    0\n",
       " [3,]    0    1    0    1    1\n",
       " [4,]    0    1    1    0    0\n",
       " [5,]    1    0    0    0    0\n",
       " [6,]    1    0    1    1    0\n",
       " [7,]    1    0    1    1    1\n",
       " [8,]    1    1    0    0    0\n",
       " [9,]    1    1    1    0    0\n",
       "[10,]    1    1    1    0    1\n",
       "[11,]    1    1    1    1    0\n",
       "[12,]    1    1    1    1    1\n",
       "\n",
       "$patterns$obs\n",
       " [1] 2 1 1 1 3 1 1 2 2 1 3 2\n",
       "\n"
      ]
     },
     "execution_count": 5,
     "metadata": {},
     "output_type": "execute_result"
    }
   ],
   "source": [
    "head(result)"
   ]
  },
  {
   "cell_type": "code",
   "execution_count": 6,
   "metadata": {
    "collapsed": false
   },
   "outputs": [
    {
     "data": {
      "text/html": [
       "<table>\n",
       "<thead><tr><th></th><th scope=col>(Intercept)</th><th scope=col>z1</th></tr></thead>\n",
       "<tbody>\n",
       "\t<tr><th scope=row>安倍</th><td>1.430019</td><td>1.215814</td></tr>\n",
       "\t<tr><th scope=row>石破</th><td>0.6164858</td><td>1.5742688</td></tr>\n",
       "\t<tr><th scope=row>岡田</th><td> 0.8940602</td><td>16.8993942</td></tr>\n",
       "\t<tr><th scope=row>麻生</th><td>-0.2354762</td><td> 1.1696718</td></tr>\n",
       "\t<tr><th scope=row>松野</th><td>-1.368762</td><td> 1.181162</td></tr>\n",
       "</tbody>\n",
       "</table>\n"
      ],
      "text/latex": [
       "\\begin{tabular}{r|ll}\n",
       "  & (Intercept) & z1\\\\\n",
       "\\hline\n",
       "\t安倍 & 1.430019 & 1.215814\\\\\n",
       "\t石破 & 0.6164858 & 1.5742688\\\\\n",
       "\t岡田 &  0.8940602 & 16.8993942\\\\\n",
       "\t麻生 & -0.2354762 &  1.1696718\\\\\n",
       "\t松野 & -1.368762 &  1.181162\\\\\n",
       "\\end{tabular}\n"
      ],
      "text/markdown": [
       "1. 1.43001922682034\n",
       "2. 0.616485753467014\n",
       "3. 0.894060199414649\n",
       "4. -0.235476211241121\n",
       "5. -1.36876237236943\n",
       "6. 1.2158137738705\n",
       "7. 1.57426875036419\n",
       "8. 16.8993942244502\n",
       "9. 1.16967183728793\n",
       "10. 1.18116242017197\n",
       "\n",
       "\n"
      ],
      "text/plain": [
       "     (Intercept)        z1\n",
       "安倍   1.4300192  1.215814\n",
       "石破   0.6164858  1.574269\n",
       "岡田   0.8940602 16.899394\n",
       "麻生  -0.2354762  1.169672\n",
       "松野  -1.3687624  1.181162"
      ]
     },
     "execution_count": 6,
     "metadata": {},
     "output_type": "execute_result"
    }
   ],
   "source": [
    "result$coefficient"
   ]
  },
  {
   "cell_type": "code",
   "execution_count": 7,
   "metadata": {
    "collapsed": false
   },
   "outputs": [
    {
     "name": "stdout",
     "output_type": "stream",
     "text": [
      "1.216 1.430 \n",
      "1.574 0.616 \n",
      "16.899 0.894 \n",
      "1.170 -0.235 \n",
      "1.181 -1.369 \n"
     ]
    }
   ],
   "source": [
    "for (i in 1:5) {\n",
    "    z1 <- sprintf(\"%5.3f\", result$coefficient[i,2])\n",
    "    ic <- sprintf(\"%5.3f\", result$coefficient[i,1])\n",
    "    cat(z1, ic, \"\\n\")\n",
    "}"
   ]
  }
 ],
 "metadata": {
  "kernelspec": {
   "display_name": "R",
   "language": "R",
   "name": "ir"
  },
  "language_info": {
   "codemirror_mode": "r",
   "file_extension": ".r",
   "mimetype": "text/x-r-source",
   "name": "R",
   "pygments_lexer": "r",
   "version": "3.2.3"
  }
 },
 "nbformat": 4,
 "nbformat_minor": 0
}
